# 重绘任务 U020（章节：第5章 ……肯普解决了它 / 肯普的论文）

项目目录（工作目录）：
D:\0-code\0-python\FourColorTheorem\proof\papers\《四色足矣：四色猜想是如何解决的》（Robin Wilson）

## 第一步
阅读 `_redraw_tools/GUIDE.md`（统一设计规范，技术栈、配色、输出要求都在里面，必须遵守）。

## 本单元要重绘的图（共 4 张）
- fig-090  原文件名: fig-090_肯普论文相关书影插图.jpg  描述: 肯普论文相关书影插图  初步分类: abstract_diagram
- fig-092  原文件名: fig-092_肯普补丁法边界线延伸示意图.jpg  描述: 肯普补丁法边界线延伸示意图  初步分类: abstract_diagram
- fig-093  原文件名: fig-093_三角形恢复着色成功示意图.jpg  描述: 三角形恢复着色成功示意图  初步分类: abstract_diagram
- fig-094  原文件名: fig-094_正方形五边形被四色包围无备用色图.jpg  描述: 正方形五边形被四色包围无备用色图  初步分类: polygon

**注意：本单元包含多张图，已被判定为可能属于同一逻辑场景（有拓扑一致性风险）。动笔前请完整阅读下面给出的正文段落，判断这些图到底是「同一对象的连续演化」（必须共享同一套底图/坐标/邻接关系，只改变着色或高亮状态）还是「同类但相互独立的个体」（可以分别自由设计）。**

## 这些图所在的正文原文（用于理解图的具体内容、判断逻辑链条、确定标签/颜色/邻接关系）
```
## 肯普的论文

阿尔弗雷德·布雷·肯普毕生对数学怀有浓厚的兴趣。他在剑桥大学三一学院师从凯莱学习，1872年毕业后开始了成功的法律生涯。同年他写了自己的第一篇数学论文，关于用机械方法解方程；五年后，受波塞利耶（Peaucellier）发现的一种绘制直线的连杆机构启发，他发表了一篇广受欢迎的连杆机构通俗论文，题为“如何画一条直线”。（[译者注：在研究波塞利机构后，肯普和他的同行们致力于减少所需连杆的数量或优化结构，由7根减少到了5根，并在1876年提出的肯普通用性定理，证明了任何能用多项式方程 $f(x, y) = 0$ 表达的二维代数曲线，都可以通过一个由铰链和连杆构成的平面机械机构精准绘制出来，也就是“能为你签名的机械连杆”]{.tnote}）

肯普在连杆机构方面的工作深受同时代人推崇，以至于当他被提名为皇家学会会士时，提名所引用的八篇论文中前七篇都是关于这一主题的，第八篇才是他关于四色问题的论文。他后来成为皇家学会的财务主管，担任此职超过二十年，并于1912年因其对学会的诸多贡献被授予爵士称号。他还是一位热心的登山者，南极洲的肯普山和附近的肯普冰川都是以他的名字命名的。

肯普对地图着色的兴趣，是由凯莱在伦敦数学学会会议上的一番询问引发的——肯普当时也出席了那次会议——以及凯莱随后发表在1879年4月《皇家地理学会会议录》上的论文。到那年六月，肯普已经得出了他对四色问题的解答，并于7月17日在《自然》杂志上发表了预览。完整版本在当年底发表于《美国数学杂志》第2卷。1880年2月26日，肯普又在《自然》和《伦敦数学学会会议录》上发表了其解答的简化版本，修正了原论文中的一些小错误，但那个致命的缺陷依然留在其中。

![肯普所研究的能够绘制直线的波塞利-利普金连杆机构](images/fig-090_肯普论文相关书影插图.jpg)

<figure class="linkage-figure"><svg viewBox="140 60 380 380" xmlns="http://www.w3.org/2000/svg" role="img" aria-labelledby="linkageTitle" style="width:100%;max-width:420px;height:auto;display:block;margin:0 auto;"><title id="linkageTitle">波塞利-利普金连杆机构动画：曲柄 MA 转动，画笔点 D 始终沿一条直线移动</title><style>.link{stroke:#2c3e50;stroke-width:6;stroke-linecap:round;}.locus-guide{stroke:#bdc3c7;stroke-width:2;stroke-dasharray:5,5;fill:none;}.trace-line{stroke:#e74c3c;stroke-width:3;fill:none;opacity:0.55;}.joint-fixed{fill:#27ae60;stroke:#333;stroke-width:2;}.joint-move{fill:#f1c40f;stroke:#333;stroke-width:2;}.joint-trace{fill:#e74c3c;stroke:#333;stroke-width:2;}.lbl{font-size:15px;fill:#333;font-family:sans-serif;}</style><circle class="locus-guide" cx="260.0" cy="250.0" r="60.0"/><line class="trace-line" x1="450.0" y1="88.0" x2="450.0" y2="412.0"/><line class="link" x1="260.0" y1="250.0"><animate attributeName="x2" values="320.0;319.7;318.8;317.4;315.4;313.1;310.4;307.4;304.3;301.2;298.2;295.3;292.6;290.3;288.2;286.6;285.5;284.7;284.5;284.7;285.5;286.6;288.2;290.3;292.6;295.3;298.2;301.2;304.3;307.4;310.4;313.1;315.4;317.4;318.8;319.7;320.0;319.7;318.8;317.4;315.4;313.1;310.4;307.4;304.3;301.2;298.2;295.3;292.6;290.3;288.2;286.6;285.5;284.7;284.5;284.7;285.5;286.6;288.2;290.3;292.6;295.3;298.2;301.2;304.3;307.4;310.4;313.1;315.4;317.4;318.8;319.7;320.0" dur="6s" repeatCount="indefinite" calcMode="linear"/><animate attributeName="y2" values="250.0;256.0;261.9;267.6;273.0;278.0;282.6;286.8;290.4;293.6;296.3;298.5;300.4;301.8;302.9;303.8;304.3;304.7;304.8;304.7;304.3;303.8;302.9;301.8;300.4;298.5;296.3;293.6;290.4;286.8;282.6;278.0;273.0;267.6;261.9;256.0;250.0;244.0;238.1;232.4;227.0;222.0;217.4;213.2;209.6;206.4;203.7;201.5;199.6;198.2;197.1;196.2;195.7;195.3;195.2;195.3;195.7;196.2;197.1;198.2;199.6;201.5;203.7;206.4;209.6;213.2;217.4;222.0;227.0;232.4;238.1;244.0;250.0" dur="6s" repeatCount="indefinite" calcMode="linear"/></line><line class="link" x1="200.0" y1="250.0"><animate attributeName="x2" values="385.0;381.1;376.9;372.7;368.5;364.5;360.7;357.4;354.6;352.4;350.9;350.1;350.1;350.7;352.0;353.8;355.8;357.5;358.2;357.5;355.8;353.8;352.0;350.7;350.1;350.1;350.9;352.4;354.6;357.4;360.7;364.5;368.5;372.7;376.9;381.1;385.0;388.6;391.9;394.7;396.9;398.6;399.6;400.0;399.7;398.8;397.3;395.2;392.6;389.5;386.2;382.8;379.7;377.3;376.3;377.3;379.7;382.8;386.2;389.5;392.6;395.2;397.3;398.8;399.7;400.0;399.6;398.6;396.9;394.7;391.9;388.6;385.0" dur="6s" repeatCount="indefinite" calcMode="linear"/><animate attributeName="y2" values="326.0;335.0;343.3;350.9;357.7;363.8;369.0;373.4;376.9;379.5;381.3;382.2;382.2;381.5;380.0;377.9;375.4;373.3;372.4;373.3;375.4;377.9;380.0;381.5;382.2;382.2;381.3;379.5;376.9;373.4;369.0;363.8;357.7;350.9;343.3;335.0;326.0;316.4;306.3;295.8;284.9;273.8;262.5;251.0;239.6;228.3;217.1;206.3;195.9;186.1;177.1;168.9;162.2;157.4;155.6;157.4;162.2;168.9;177.1;186.1;195.9;206.3;217.1;228.3;239.6;251.0;262.5;273.8;284.9;295.8;306.3;316.4;326.0" dur="6s" repeatCount="indefinite" calcMode="linear"/></line><line class="link" x1="200.0" y1="250.0"><animate attributeName="x2" values="385.0;388.6;391.9;394.7;396.9;398.6;399.6;400.0;399.7;398.8;397.3;395.2;392.6;389.5;386.2;382.8;379.7;377.3;376.3;377.3;379.7;382.8;386.2;389.5;392.6;395.2;397.3;398.8;399.7;400.0;399.6;398.6;396.9;394.7;391.9;388.6;385.0;381.1;376.9;372.7;368.5;364.5;360.7;357.4;354.6;352.4;350.9;350.1;350.1;350.7;352.0;353.8;355.8;357.5;358.2;357.5;355.8;353.8;352.0;350.7;350.1;350.1;350.9;352.4;354.6;357.4;360.7;364.5;368.5;372.7;376.9;381.1;385.0" dur="6s" repeatCount="indefinite" calcMode="linear"/><animate attributeName="y2" values="174.0;183.6;193.7;204.2;215.1;226.2;237.5;249.0;260.4;271.7;282.9;293.7;304.1;313.9;322.9;331.1;337.8;342.6;344.4;342.6;337.8;331.1;322.9;313.9;304.1;293.7;282.9;271.7;260.4;249.0;237.5;226.2;215.1;204.2;193.7;183.6;174.0;165.0;156.7;149.1;142.3;136.2;131.0;126.6;123.1;120.5;118.7;117.8;117.8;118.5;120.0;122.1;124.6;126.7;127.6;126.7;124.6;122.1;120.0;118.5;117.8;117.8;118.7;120.5;123.1;126.6;131.0;136.2;142.3;149.1;156.7;165.0;174.0" dur="6s" repeatCount="indefinite" calcMode="linear"/></line><line class="link"><animate attributeName="x1" values="320.0;319.7;318.8;317.4;315.4;313.1;310.4;307.4;304.3;301.2;298.2;295.3;292.6;290.3;288.2;286.6;285.5;284.7;284.5;284.7;285.5;286.6;288.2;290.3;292.6;295.3;298.2;301.2;304.3;307.4;310.4;313.1;315.4;317.4;318.8;319.7;320.0;319.7;318.8;317.4;315.4;313.1;310.4;307.4;304.3;301.2;298.2;295.3;292.6;290.3;288.2;286.6;285.5;284.7;284.5;284.7;285.5;286.6;288.2;290.3;292.6;295.3;298.2;301.2;304.3;307.4;310.4;313.1;315.4;317.4;318.8;319.7;320.0" dur="6s" repeatCount="indefinite" calcMode="linear"/><animate attributeName="y1" values="250.0;256.0;261.9;267.6;273.0;278.0;282.6;286.8;290.4;293.6;296.3;298.5;300.4;301.8;302.9;303.8;304.3;304.7;304.8;304.7;304.3;303.8;302.9;301.8;300.4;298.5;296.3;293.6;290.4;286.8;282.6;278.0;273.0;267.6;261.9;256.0;250.0;244.0;238.1;232.4;227.0;222.0;217.4;213.2;209.6;206.4;203.7;201.5;199.6;198.2;197.1;196.2;195.7;195.3;195.2;195.3;195.7;196.2;197.1;198.2;199.6;201.5;203.7;206.4;209.6;213.2;217.4;222.0;227.0;232.4;238.1;244.0;250.0" dur="6s" repeatCount="indefinite" calcMod
```

## 你要做的事
1. 读 GUIDE.md 和上面的正文，必要时用 Read 工具打开 `images/` 目录下对应的原始 .jpg 看一眼原图构图（原图可能模糊但能看出大致布局）。
2. 用 Python（matplotlib，可复用 `_redraw_tools/polyhedra.py` 和 `_redraw_tools/solids.py`）为每一张图生成清晰的 SVG。
3. 把每张 SVG 保存到 `images/` 目录，文件名把对应原文件名的 `.jpg` 换成 `.svg`，其余不变（例如 `fig-090_肯普论文相关书影插图.jpg` → `fig-090_肯普论文相关书影插图.svg`）。
4. 完成后，用几句话总结：画了哪些图、做了什么内容判断、有没有拿不准的地方。不要修改 GUIDE.md、polyhedra.py、solids.py、work_units.json、或 FourColors_Suffice_zh.md。
